101 -> 163 719 212 184 473
102 -> 647
103 -> 772 710 240 337 80 87
104 -> 24 689 432 255
105 -> 673 260 38
106 -> 228 76 749 369 531 153 922 445
107 -> 264 553 335 815 660
108 -> 490 605 294 615
109 -> 793 554 6 479
110 -> 768 899 660 408 762
111 -> 96 66 459 849 50 856 26 95
112 -> 635 940 189
113 -> 33 420 395 525 79 849 980
114 -> 159 770 719 879
115 -> 672 994 559 79 25
116 -> 835 963 403
117 -> 848 436 964 95
118 -> 328 426 651 807
119 -> 720 653
120 -> 206 671
121 -> 684 686 175 22 380
122 -> 283 651 397 582
123 -> 928 280 644 238 344 185 63
124 -> 259 612 484 523 526 178 180 888
125 -> 134 903 9 941 84 886 861
126 -> 43 767 191
127 -> 816 780 685 95
128 -> 544 628 301 519
129 -> 195 396 304 820 725
130 -> 464 982
131 -> 803 3 742 536 890
132 -> 135 959 148 407
133 -> 645 910 559 312 926
134 -> 484 495 691 980 819 347 125 446
135 -> 544 194 132 747 752 319
136 -> 864 774 526 943 18 926
137 -> 74 336 18 477 991
138 -> 933 393 13 752 343
139 -> 624 49 658 16 350
140 -> 904 547 712
141 -> 416 513 302 270 848 240 726 414
142 -> 528 377
143 -> 866 328 714 268 661 86 983 378 894
144 -> 416 509 201 10 28 156 756 857 57 60 605
145 -> 80 243
146 -> 896 92 14 183
147 -> 490 362 302 19 157
148 -> 132 68 423 433 947 541 255
149 -> 362 691 494
150 -> 624 504 564 967
151 -> 817 883 852
152 -> 721 932 561
153 -> 416 106 675 61
154 -> 738 644 807 203 365 84 956
155 -> 769 902 158 414 639
156 -> 928 353 238 144 950 407 350
157 -> 906 875 972 147 884 789 317 445
158 -> 421 776 588 597 758 155 958
159 -> 641 545 415 42 114 699 703
160 -> 83 827 644 540
161 -> 872 854 802 432
162 -> 225 659 465 997
163 -> 177 575 101 561
164 -> 96 835 824 636 318
165 -> 930 676 787 276 468 890 315 894
166 -> 513 193 56 27 190
167 -> 733 967
168 -> 912 219
169 -> 33 485 50 599 696 249
170 -> 417 202 596 23
171 -> 421 326 788 500 761
172 -> 418 67 197 358 616 236 558 977 465 563 443 223
173 -> 390 70 713 335 817 438 982 377 762 279 319
174 -> 768 391 874 622 505
175 -> 355 268 206 178 818 121
176 -> 233 931 297
177 -> 163 316 701 743
178 -> 898 175 124 721 950 56 988 216
179 -> 914 570
180 -> 965 424 492 461 465 889 124
181 -> 1 66 680 400 799
182 -> 814 945 790 71
183 -> 428 146 52 693 88 349
184 -> 191 101 873 660 344 31
185 -> 608 867 277 983 473 123
186 -> 923 369 209 882 346 507
187 -> 896 8 700 769
188 -> 900 199 295 871 458 880 341 26 347
189 -> 450 194 967 456 364 112 987 445
190 -> 448 818 166 471
191 -> 897 454 404 184 126
192 -> 769 483 551 967 503
193 -> 26 166 215
194 -> 135 327 342 189 824 346 701
195 -> 449 129 584 557 215 281
196 -> 547 420 650 462 622 306 19 923 511
197 -> 616 172 277
198 -> 943 661 856 28 573
199 -> 392 546 188 60
200 -> 515 618 494 951 27
