901 -> 745 301 565 857 415
902 -> 835 486 840 328 155 543
903 -> 621 331 125
904 -> 226 931 140 540 446 31
905 -> 81 337 321
906 -> 8 458 215 825 157
907 -> 64 908 601 409 383
908 -> 870 907 45 46
909 -> 953 828 278
910 -> 133 40 779 430 446
911 -> 1 578 867 294 425 234 638
912 -> 840 82 731 168
913 -> 746 621 494 277 470 793
914 -> 1 609 782 879 238 496 179
915 -> 673 11 604
916 -> 322 490 556 463 658 793
917 -> 656 89 404 439
918 -> 281 970 825 871
919 -> 683 551 287
920 -> 941
921 -> 417 997 979 659 755
922 -> 448 547 106 300 877 637 799
923 -> 672 99 196 630 186 443 764
924 -> 416 561 812
925 -> 32 962 9 527 400 285
926 -> 771 133 136 776 267 463 559 728
927 -> 400 429 534 895
928 -> 385 609 524 306 26 123 156
929 -> 588 209 244 374 250 223
930 -> 5 165 392 618 463
931 -> 904 426 176 406 895 478 703
932 -> 742 872 13 653 152
933 -> 944 138 6
934 -> 514 537 239 274 342 601 95
935 -> 724 245
936 -> 273 29
937 -> 634 564 390
938 -> 952 297 894 799
939 -> 832 506 483 652
940 -> 112 90 43 949
941 -> 294 458 663 920 634 125
942 -> 233 332 982 782
943 -> 136 198
944 -> 933 394 203 235 246 247 790 831
945 -> 864 605 712 619 750 182 634 989
946 -> 294 434 407 793 638
947 -> 377 148 702
948 -> 706 707 453 806 648 43 491 887 476
949 -> 741 358 940 725 85 55
950 -> 178 156 725
951 -> 200
952 -> 449 100 938 17 953
953 -> 69 74 683 909 952 856 794
954 -> 251 229 78
955 -> 555 628 445
956 -> 738 868 625 21 154 763
957 -> 968 409 500
958 -> 707 362 813 340 158
959 -> 563 132
960 -> 262 265 266 972 278
961 -> 740 970 473 408 345 348 319
962 -> 925 375
963 -> 416 516 7 840 807 116
964 -> 641 486 654 690 117
965 -> 180 526 719
966 -> 
967 -> 192 355 167 723 150 189
968 -> 37 839 821 601 957
969 -> 985 557 854
970 -> 961 660 477 918
971 -> 494 526
972 -> 960 802 807 618 12 653 817 369 729 157
973 -> 493 749 430 511
974 -> 23
975 -> 98 676
976 -> 400 91 540 61
977 -> 172 207 81 341 219 222
978 -> 618 235 746 372 532 990
979 -> 640 65 2 340 661 921
980 -> 134 492 113 56 25 830
981 -> 290 627 852 205
982 -> 800 130 74 397 173 781 942 659 467 695
983 -> 454 6 143 661 185 380
984 -> 88 849 826 875
985 -> 608 969 764 533
986 -> 352 389 749 46 760 890
987 -> 716 276 189 814
988 -> 896 898 325 81 178 819
989 -> 945 436 311
990 -> 837 519 978 602 668
991 -> 800 137 349
992 -> 672 489 400
993 -> 746 844 376 889 92
994 -> 115 757
995 -> 738 740 671
996 -> 210 283 421
997 -> 921 162 425 412
998 -> 881 628 838
999 -> 497 587 796 739
1000 -> 800 810 216
