701 -> 194 67 741 262 842 299 14 177 824
702 -> 452 868 947 468 340 858
703 -> 289 931 486 493 398 79 794 478 159
704 -> 834 61 820 660 509
705 -> 633 26 201 233
706 -> 751 948 693 600 413
707 -> 668 948 958
708 -> 833 532
709 -> 593 282 871 825
710 -> 633 741 103
711 -> 249 37 596 717
712 -> 549 683 140 365 945 537 506 413
713 -> 498 383 13 173
714 -> 481 3 292 143 277
715 -> 515 800 571 683
716 -> 26 987 98
717 -> 94 711
718 -> 518
719 -> 965 101 263 653 114 314
720 -> 632 746 326 119
721 -> 615 178 435 757 152
722 -> 656 757 267 853
723 -> 967 71 562 214 665 766
724 -> 677 582 935 594 891
725 -> 129 294 297 298 618 272 688 949 950 504 573
726 -> 266 627 141
727 -> 347 852
728 -> 926
729 -> 282 972
730 -> 897 552 880 626 409
731 -> 912 741 677
732 -> 568 260 797 326
733 -> 549 38 167
734 -> 838 427 687 816 50
735 -> 480
736 -> 225 578 423 873 522 396 494 278
737 -> 42 767 308 287
738 -> 352 995 742 814 399 787 154 956 349
739 -> 289 485 999 584 409
740 -> 649 995 961
741 -> 710 263 949 597 537 474 731 604 701
742 -> 738 131 932 19 413
743 -> 616 177 276 341 792
744 -> 34 675 452 98 586 11 81 631 319
745 -> 645 901 775 871 72 555 245 412
746 -> 993 450 452 845 720 913 978
747 -> 458 787 396 135
748 -> 73 307 52 89 890 412 863
749 -> 801 37 635 106 554 973 410 848 986 859 351
750 -> 610 847 945 214 892
751 -> 290 706 683 82 341 89
752 -> 32 135 138 557 217 762 380
753 -> 569 354 534
754 -> 756 677 238 799
755 -> 800 65 69 520 921 700
756 -> 619 144 754 539 638
757 -> 994 298 721 722 667
758 -> 410 564 158
759 -> 632 769 835 318
760 -> 329 986 3
761 -> 171 830
762 -> 752 173 110
763 -> 803 677 870 216 956
764 -> 775 781 785 342 985 923
765 -> 74 354 662 871
766 -> 266 723 422 38
767 -> 737 836 6 599 861 126
768 -> 865 517 840 174 110 446
769 -> 192 187 528 467 886 759 155 543
770 -> 114
771 -> 33 683 926
772 -> 35 76 103
773 -> 676
774 -> 802 136 330 523 396 560 692 22 408 447
775 -> 745 783 599 217 764
776 -> 265 926 158
777 -> 
778 -> 241 886 100 678
779 -> 32 378 910
780 -> 426 270 883 863 127
781 -> 513 455 819 982 89 764
782 -> 263 586 942 847 914 372 830
783 -> 226 579 580 775 399 439 415
784 -> 224 579 599
785 -> 371 439 764 637 670
786 -> 440 874 525
787 -> 738 165 747 694 662
788 -> 801 234 171 483
789 -> 868 426 433 437 157 666 858
790 -> 41 944 273 182 351
791 -> 321 259 655 597 534
792 -> 743 584 297 650 26
793 -> 13 109 913 946 916 219 319
794 -> 953 475 651 703
795 -> 205 260 820 21
796 -> 294 999 521 365 335 28
797 -> 320 732 445
798 -> 645 558 626 378 251
799 -> 489 938 754 52 181 407 922
800 -> 644 552 1000 10 715 755 533 982 991
