201 -> 705 326 144 211 409
202 -> 225 551 170 464 627
203 -> 545 944 20 154 638 607
204 -> 241 299 387 853
205 -> 452 14 981 311 795
206 -> 449 45 175 80 49 434 408 120
207 -> 395 977 19 504 606
208 -> 325 237 653 413
209 -> 929 873 250 271 628 186
210 -> 641 996 413
211 -> 641 296 201 467 885 693 220
212 -> 867 101 488 619 282 478
213 -> 248 521 459 693
214 -> 450 330 750 723 667
215 -> 224 193 195 906 366 274 856
216 -> 1000 842 178 87 763 892
217 -> 752 313 606 775
218 -> 41 700 815 825
219 -> 518 168 433 977 793 409 605
220 -> 804 327 211 633 827 61
221 -> 644 356 551 523 826 381 414
222 -> 580 328 17 81 819 977 698
223 -> 929 172
224 -> 784 843 215
225 -> 162 736 202
226 -> 448 904 783 338 629
227 -> 888 426 381 405
228 -> 106 315 308 525
229 -> 954 834 415
230 -> 257 285
231 -> 610 851 629 863
232 -> 519 299 345 571 444 478
233 -> 705 321 78 942 176
234 -> 898 645 361 911 788 567
235 -> 944 978 259
236 -> 840 427 172 15 404 471
237 -> 614 873 208 19 56 537 604
238 -> 811 914 754 123 156
239 -> 264 820 934
240 -> 258 103 359 141 814 495 473
241 -> 258 450 548 360 617 778 41 204 532
242 -> 641 414
243 -> 258 651 145 821 540 894
244 -> 416 929 600 5
245 -> 321 805 935 585 745 823 888
246 -> 394 944 49 52 407 24 95
247 -> 944 835 812 813
248 -> 548 213 334 820
249 -> 711 169 340 316 349
250 -> 929 614 620 209 275 604
251 -> 481 389 427 79 560 954 798
252 -> 289 82 260 527
253 -> 443 324 477 318
254 -> 835 876 622 623 561 474
255 -> 104 483 148 662
256 -> 418 411
257 -> 2 451 230 585 528 434 596 472
258 -> 240 241 243 438 538 574
259 -> 235 791 315 124 510
260 -> 545 105 394 621 466 252 795 732
261 -> 600 81 840
262 -> 960 316 701 671
263 -> 741 782 719
264 -> 898 488 107 239 279 62
265 -> 896 960 776 427 348 60 510
266 -> 960 839 267 464 658 501 726 766
267 -> 385 8 266 683 78 722 926
268 -> 609 641 452 616 877 143 175 275 413
269 -> 581 518 337 375 26
270 -> 816 780 141
271 -> 209 522
272 -> 505 367 725 662 825 318
273 -> 936 824 91 790
274 -> 503 934 431 335 531 215
275 -> 268 685 824 825 250
276 -> 165 743 615 530 662 854 987
277 -> 580 197 714 651 913 408 185 350
278 -> 736 960 909 462 561 603
279 -> 264 509 296 173
280 -> 123 658 403 21
281 -> 195 419 918
282 -> 580 709 809 212 729 635
283 -> 996 617 434 122 477
284 -> 640 481 388 351
285 -> 485 230 649 925 630 664 826 445 286
286 -> 645 459 878 371 698 285
287 -> 737 578 678 593 919
288 -> 619
289 -> 642 739 252 703
290 -> 25 751 981 687
291 -> 560 73
292 -> 833 357 872 714 446
293 -> 497 892 54
294 -> 640 867 108 941 494 911 946 725 632 796
295 -> 632 188 93
296 -> 211 279
297 -> 938 176 725 598 792
298 -> 757 725 855 95
299 -> 449 232 663 552 523 204 887 701
300 -> 922
