301 -> 128 825 813 901
302 -> 472 618 147 141
303 -> 626 318
304 -> 129 450 339 399
305 -> 636
306 -> 928 827 452 196
307 -> 348 748 397
308 -> 737 354 36 453 228 809 404
309 -> 40 9 347 78
310 -> 688 630 347 14
311 -> 676 328 205 599 28 989 671
312 -> 133
313 -> 452 68 356 217 347 445 446
314 -> 675 461 719
315 -> 259 228 165 332 495 373 631 346 859 828
316 -> 177 249 262 502
317 -> 613 491 588 601 157
318 -> 164 303 272 437 374 759 253
319 -> 961 135 744 173 654 13 793
320 -> 538 20 797
321 -> 905 233 493 245 406 791 536
322 -> 632 916 356
323 -> 1 418 880 528 56 667 830
324 -> 253 598
325 -> 896 40 208 80 988
326 -> 720 201 171 732
327 -> 194 220
328 -> 902 10 143 404 469 694 311 118 889 222
329 -> 760 570 847
330 -> 602 79 214 774
331 -> 367 903
332 -> 615 942 315 84 635
333 -> 100 72 77 494 431 80 894
334 -> 248 449 674 625
335 -> 840 107 173 274 571 796
336 -> 137 614 525 46
337 -> 675 103 905 269 338
338 -> 226 386 575 337 691 860 351
339 -> 805 360 304 341 827
340 -> 99 647 585 409 979 958 249 702
341 -> 743 681 429 751 977 339 188
342 -> 194 355 764 934 697 628 536 473 604
343 -> 576 554 138 823
344 -> 589 593 184 89 123 348
345 -> 456 232 961
346 -> 673 194 622 186 315
347 -> 5 134 460 48 188 309 310 727 313 636
348 -> 961 514 612 5 265 307 344
349 -> 738 845 694 183 249 991
350 -> 646 139 277 631 156
351 -> 395 749 338 564 790 284 381 478
352 -> 738 69 587 986 604
353 -> 647 875 696 156 637
354 -> 69 486 753 626 308 668 765
355 -> 967 653 175 342 888
356 -> 322 11 401 313 221
357 -> 644 292
358 -> 98 172 655 816 949 860
359 -> 240 27 636
360 -> 872 241 808 339
361 -> 1 234 435 636
362 -> 451 841 49 147 692 149 662 665 958
363 -> 652 63
364 -> 189 61 863
365 -> 712 154 75 796
366 -> 650 835 215
367 -> 272 690 331 410
368 -> 601 673
369 -> 186 972 106
370 -> 441 574
371 -> 24 785 834 286
372 -> 809 650 782 47 497 978 627
373 -> 33 315 572 812
374 -> 318 929 568 508 510
375 -> 824 962 269 557
376 -> 64 993
377 -> 4 173 142 625 690 883 947
378 -> 382 542 779 143 594 826 798
379 -> 460 60
380 -> 871 752 563 983 121
381 -> 227 422 503 632 221 351
382 -> 378
383 -> 70 425 713 907 508 81 860 604
384 -> 874 387 460
385 -> 928 267 455
386 -> 392 338
387 -> 384 204 503
388 -> 608 284
389 -> 96 986 699 251
390 -> 937 173 70
391 -> 867 517 174 625 24 861
392 -> 930 386 199 845 497 572
393 -> 94 138 27 542
394 -> 260 807 15 944 246 827
395 -> 75 525 687 207 113 351
396 -> 736 129 677 774 747 822
397 -> 1 816 307 596 982 122
398 -> 703 631 517 407
399 -> 738 803 900 783 304 469 599
400 -> 992 674 804 587 494 976 595 181 503 925 927
