801 -> 40 569 788 749
802 -> 161 774 681 972 634 895
803 -> 610 3 131 399 528 763
804 -> 512 834 220 400
805 -> 523 339 245 408 569
806 -> 15 562 948 666 827
807 -> 963 394 972 118 154
808 -> 872 636 360
809 -> 510 455 372 308 282 574
810 -> 1000 870 439
811 -> 437 238
812 -> 864 579 879 373 247 633 924 543
813 -> 301 820 247 958 479
814 -> 738 98 868 656 657 240 182 473 602 987
815 -> 107 218 530 891
816 -> 358 397 270 734 127
817 -> 833 417 972 173 151
818 -> 571 4 190 175
819 -> 5 134 781 988 222
820 -> 704 129 608 69 582 813 239 248 795 860
821 -> 968 243 847
822 -> 396 885
823 -> 449 826 245 343
824 -> 194 164 517 871 273 275 693 375 701
825 -> 100 709 420 906 301 430 272 881 275 852 918 218
826 -> 577 882 823 984 221 378 285
827 -> 160 896 612 806 504 394 306 339 696 699 220
828 -> 423 909 16 436 315
829 -> 
830 -> 480 323 782 980 761
831 -> 944 677
832 -> 545 839 490 939 877 60
833 -> 512 708 292 15 817 438
834 -> 704 836 804 229 79 371 507 27
835 -> 164 902 631 759 366 116 247 254
836 -> 834 900 583 9 625 767
837 -> 602 990 894
838 -> 418 884 734 998
839 -> 832 968 650 266 858 699 606
840 -> 768 963 261 902 236 877 335 912 87
841 -> 481 362 492
842 -> 216 49 619 701
843 -> 224 37 846 421
844 -> 993 546 595 86 698
845 -> 69 392 746 464 851 349
846 -> 616 843 42 579
847 -> 329 750 782 821 894
848 -> 579 554 749 141 117 693
849 -> 897 38 111 113 596 984 58
850 -> 868 612 437 694 535 700
851 -> 27 693 845 231
852 -> 727 981 151 825 895
853 -> 722 204 493
854 -> 161 276 969 78
855 -> 893 298 53 550
856 -> 198 553 426 111 433 215 953
857 -> 144 1 901
858 -> 660 789 702 839
859 -> 315 749
860 -> 358 338 820 599 539 383
861 -> 677 669 391 681 431 54 125 767
862 -> 560 530 500 98
863 -> 640 231 74 364 748 780 623
864 -> 136 945 676 812
865 -> 552 768 514 426
866 -> 695 526 143
867 -> 518 294 391 615 878 911 212 22 185
868 -> 814 850 789 697 698 956 702
869 -> 883 875 694 583
870 -> 810 763 908
871 -> 668 897 709 7 745 188 918 824 380 765
872 -> 161 932 292 808 360 83
873 -> 184 736 209 237
874 -> 384 97 174 786 84 699 30
875 -> 416 353 869 984 157 414
876 -> 614 254 63
877 -> 832 922 840 268
878 -> 867 286
879 -> 416 548 812 114 914
880 -> 730 323 188 495
881 -> 553 998 825
882 -> 186 826 541 590
883 -> 377 780 869 151
884 -> 587 157 838
885 -> 677 211 822 667 510
886 -> 769 778 84 125
887 -> 648 299 529 18 948 474 95
888 -> 355 227 40 245 124 638
889 -> 993 328 490 687 180 607
890 -> 131 165 425 748 13 57 986
891 -> 520 46 815 51 724 571
892 -> 578 293 556 750 53 216 667
893 -> 587 855
894 -> 420 837 165 422 938 683 333 847 143 243 697
895 -> 802 931 616 511 852 22 927
896 -> 827 325 265 146 187 988
897 -> 642 871 39 849 53 730 636 29 191
898 -> 264 234 685 178 566 988
899 -> 110 622 454
900 -> 836 520 399 466 188
