1 -> 641 323 361 397 911 914 181 663 857 507 479
2 -> 257 435 979
3 -> 803 131 714 22 760 93
4 -> 377 818
5 -> 930 819 244 347 348
6 -> 933 549 489 588 109 14 983 767
7 -> 563 83 963 871
8 -> 457 906 267 563 187
9 -> 34 836 925 309 125
10 -> 328 800 144 511
11 -> 744 49 915 356
12 -> 417 972 467 566 537
13 -> 932 422 520 713 138 793 890 319
14 -> 6 616 205 146 310 569 571 701
15 -> 833 806 647 394 236 469 571
16 -> 139 627 533 53 536 828 605
17 -> 952 653 222
18 -> 577 136 137 19 887 543
19 -> 196 742 237 207 18 147 474
20 -> 320 203
21 -> 280 795 956 683
22 -> 3 867 518 774 121 895
23 -> 170 427 621 974 51 405 55 443 638
24 -> 391 104 371 468 246 572 575
25 -> 290 441 80 115 980 601
26 -> 928 705 193 676 453 74 716 269 111 530 792 410 475 188
27 -> 834 166 359 200 393 851
28 -> 609 610 198 684 144 311 796
29 -> 936 897
30 -> 647 874 441 94 95
31 -> 904 656 630 184
32 -> 752 779 444 925
33 -> 771 113 169 373
34 -> 673 744 9 475 605
35 -> 772
36 -> 688 578 308 695
37 -> 711 968 843 589 749
38 -> 849 105 733 766
39 -> 585 897
40 -> 801 325 421 910 687 593 309 888
41 -> 241 218 790
42 -> 737 614 846 159
43 -> 673 940 494 948 126
44 -> 89 689 438 599
45 -> 488 528 908 206
46 -> 581 908 336 411 986 891 542
47 -> 681 82 372 94 638
48 -> 514 347 699
49 -> 515 842 11 139 362 206 246
50 -> 417 648 169 111 734
51 -> 89 891 69 23
52 -> 183 748 246 799
53 -> 897 16 466 564 855 892
54 -> 293 861 661
55 -> 496 90 949 23
56 -> 323 166 72 237 434 178 980
57 -> 144 496 890
58 -> 624 849 477
59 -> 624 610 597
60 -> 832 199 265 144 500 598 379 446
61 -> 704 364 463 976 568 153 442 220
62 -> 264
63 -> 425 363 876 434 123
64 -> 376 449 907 582
65 -> 979 755
66 -> 449 637 181 111
67 -> 578 172 701
68 -> 518 648 75 561 148 313
69 -> 352 354 845 755 820 51 953
70 -> 420 390 173 602 383
71 -> 452 723 85 182 570
72 -> 56 745 333 472
73 -> 291 421 490 586 427 748
74 -> 137 982 953 26 765 863
75 -> 68 395 365 623 535 474 95
76 -> 577 106 772
77 -> 333
78 -> 614 233 267 309 854 631 954 508
79 -> 834 424 330 639 703 113 115 251 511
80 -> 325 421 103 333 206 145 467 25
81 -> 673 261 744 905 494 977 988 222 383
82 -> 751 912 47 409 252
83 -> 160 7 872 432 691 638
84 -> 874 332 886 154 125
85 -> 649 457 949 71
86 -> 440 844 143
87 -> 216 840 694 103
88 -> 984 183
89 -> 748 781 44 751 51 917 344 473 442
90 -> 940 525 55
91 -> 523 976 273 499 632
92 -> 448 993 426 146 475
93 -> 3 581 606 295
94 -> 393 458 717 47 30
95 -> 934 298 75 111 117 246 887 30 127
96 -> 164 389 111 469 543
97 -> 617 874
98 -> 579 358 744 716 814 975 565 862
99 -> 552 923 340
100 -> 952 825 778 333
