501 -> 579 545 266 441
502 -> 673 316 484 446
503 -> 192 387 462 400 274 381 477
504 -> 207 564 725 150 827 607
505 -> 272 493 174
506 -> 712 939
507 -> 186 1 834 512
508 -> 517 78 374 573 383
509 -> 704 555 144 279 568
510 -> 259 809 265 492 885 374
511 -> 516 196 456 10 973 79 671 895
512 -> 833 571 804 507
513 -> 417 675 166 781 141
514 -> 48 865 348 934
515 -> 200 49 715
516 -> 571 963 630 511
517 -> 768 391 398 626 824 508
518 -> 867 68 269 718 22 219
519 -> 128 612 646 232 990
520 -> 891 900 13 755
521 -> 796 213
522 -> 736 271
523 -> 805 774 454 299 497 91 124 221
524 -> 928 585
525 -> 228 395 336 113 786 90
526 -> 866 965 136 971 124
527 -> 640 691 410 252 925
528 -> 769 257 323 803 45 142
529 -> 612 574 887
530 -> 26 276 862 815
531 -> 106 274
532 -> 241 978 708
533 -> 16 985 800
534 -> 927 425 753 791
535 -> 537 850 75 413
536 -> 321 131 584 16 342
537 -> 741 934 712 12 621 237 432 661 535
538 -> 320 689 258
539 -> 860 756 606
540 -> 160 451 904 617 591 976 243
541 -> 882 148
542 -> 581 393 46 690 378
543 -> 96 769 902 812 18 605
544 -> 128 135
545 -> 832 260 488 203 501 159
546 -> 844 199
547 -> 196 140 492 660 922
548 -> 248 609 241 879
549 -> 712 733 6
550 -> 613 469 855
551 -> 192 578 637 202 560 919 221
552 -> 800 865 99 299 651 730
553 -> 107 881 419 856
554 -> 407 109 749 495 848 343 666
555 -> 646 745 433 440 955 509
556 -> 892 916
557 -> 752 969 195 375
558 -> 570 172 798
559 -> 115 133 926 439
560 -> 291 581 774 551 428 474 251 862
561 -> 163 68 630 278 152 410 924 254
562 -> 806 491 494 723
563 -> 7 8 172 380 959
564 -> 937 53 150 758 504 661 351
565 -> 618 901 98
566 -> 480 898 12
567 -> 234 582
568 -> 509 732 61 374
569 -> 801 805 14 753 669
570 -> 71 329 425 558 179
571 -> 512 418 516 232 715 14 15 335 818 891
572 -> 392 24 578 373
573 -> 483 198 725 663 633 508
574 -> 809 258 370 529
575 -> 24 482 163 338
576 -> 343
577 -> 18 826 469 76
578 -> 736 67 36 551 911 892 572 287
579 -> 98 812 846 783 784 848 501 472
580 -> 645 783 277 694 282 222
581 -> 269 46 560 410 93 542
582 -> 64 820 724 567 122 476 606
583 -> 836 869 428 405 670
584 -> 739 195 457 792 434 536
585 -> 257 39 588 524 340 245
586 -> 744 73 596 782
587 -> 352 999 400 884 599 893 639
588 -> 929 6 585 618 317 158
589 -> 480 609 37 649 344
590 -> 473 882
591 -> 540 661
592 -> 642 667 444 662
593 -> 709 40 344 604 287
594 -> 378 724 598
595 -> 400 844
596 -> 257 711 170 586 397 849
597 -> 741 627 791 59 158
598 -> 418 324 297 594 60
599 -> 775 169 587 44 399 784 311 860 767
600 -> 706 244 261 623
