401 -> 356
402 -> 666 493
403 -> 280 116 492 639
404 -> 328 236 308 917 443 191
405 -> 227 444 23 583
406 -> 321 931
407 -> 672 132 487 554 398 946 246 156 799
408 -> 961 452 805 774 110 206 277
409 -> 739 201 907 657 82 340 730 219 957
410 -> 581 749 655 367 561 527 758 439 26
411 -> 256 46
412 -> 745 748 997
413 -> 706 742 712 268 208 210 535 664
414 -> 875 141 242 155 221
415 -> 159 229 901 783
416 -> 963 875 141 879 144 436 244 153 924
417 -> 513 170 12 817 50 601 921
418 -> 256 323 838 172 598 571
419 -> 648 553 281
420 -> 196 70 113 825 443 894
421 -> 996 40 73 843 171 80 158
422 -> 487 488 648 13 766 381 894
423 -> 736 148 828 615
424 -> 442 180 79
425 -> 997 383 458 911 495 534 570 890 63
426 -> 865 227 931 780 686 789 118 856 92
427 -> 73 265 236 23 251 734
428 -> 560 583 183
429 -> 341 927
430 -> 825 973 910
431 -> 697 274 861 333
432 -> 161 537 83 104
433 -> 555 148 789 856 219
434 -> 257 584 206 946 56 283 63
435 -> 721 2 460 361
436 -> 416 989 828 117
437 -> 850 811 789 318
438 -> 833 258 44 173
439 -> 481 810 559 783 785 917 410 605 479
440 -> 641 675 555 786 86 479
441 -> 25 370 501 30
442 -> 424 89 61
443 -> 420 172 404 23 923 253
444 -> 32 232 592 405
445 -> 485 955 106 683 157 189 313 285 475 797
446 -> 768 611 292 134 904 910 500 502 313 60
447 -> 774
448 -> 226 644 922 92 190
449 -> 64 66 195 299 334 206 499 823 952
450 -> 746 304 241 214 189
451 -> 257 362 499 540
452 -> 71 744 746 268 205 656 306 408 313 702
453 -> 614 687 948 308 26
454 -> 899 523 983 474 191
455 -> 385 781 809
456 -> 483 697 345 189 511
457 -> 584 8 85 617
458 -> 425 906 747 941 188 94
459 -> 612 213 286 111
460 -> 384 675 347 435 379
461 -> 314 180
462 -> 650 196 278 503
463 -> 930 916 61 926
464 -> 202 130 266 845
465 -> 162 172 180 487
466 -> 900 610 260 53
467 -> 769 12 80 211 694 982
468 -> 24 165 702
469 -> 96 577 614 550 328 399 15
470 -> 913
471 -> 236 190
472 -> 72 257 579 302
473 -> 89 961 101 590 814 240 500 342 185
474 -> 741 454 75 560 19 887 254
475 -> 34 26 794 92 445
476 -> 635 948 691 582
477 -> 137 970 503 58 283 253
478 -> 931 351 232 212 703
479 -> 1 109 813 686 439 440
480 -> 673 589 566 830 735
481 -> 663 841 714 439 251 284
482 -> 575
483 -> 192 456 939 788 573 255
484 -> 124 134 502
485 -> 739 169 627 285 445
486 -> 354 964 902 703
487 -> 465 636 422 407
488 -> 545 422 264 45 212
489 -> 992 6 799
490 -> 832 73 108 147 916 889
491 -> 562 948 317 495
492 -> 547 841 683 658 403 180 980 510
493 -> 321 973 402 853 661 505 703
494 -> 736 294 200 43 971 333 400 913 562 81 149
495 -> 134 646 425 554 491 880 240 315
496 -> 57 914 55
497 -> 676 293 999 392 617 523 372
498 -> 713
499 -> 449 91 451 612
500 -> 446 171 473 60 957 862
