601 -> 417 934 968 907 368 25 317
602 -> 837 70 330 814 990
603 -> 638 278
604 -> 352 741 237 593 915 342 250 383
605 -> 34 108 16 945 144 439 219 543
606 -> 582 839 207 217 539 93
607 -> 504 889 203 630
608 -> 388 820 696 185 985
609 -> 928 548 268 589 914 28
610 -> 803 231 750 466 659 59 28
611 -> 700 446
612 -> 519 459 529 850 499 348 827 124
613 -> 317 550
614 -> 453 42 876 237 78 336 469 250
615 -> 867 423 108 332 721 276
616 -> 197 743 172 268 846 14 664 895
617 -> 97 457 621 241 497 283 540
618 -> 930 200 588 972 686 302 978 725 565
619 -> 288 842 945 212 756
620 -> 250
621 -> 260 903 617 913 23 537
622 -> 899 196 174 346 254
623 -> 600 75 254 863
624 -> 59 58 139 150
625 -> 836 391 334 377 956
626 -> 354 517 687 303 730 798
627 -> 485 202 16 372 981 726 597
628 -> 128 998 209 342 955
629 -> 226 231
630 -> 516 607 561 310 923 285 31
631 -> 835 744 398 78 315 350
632 -> 322 294 295 720 759 91 381
633 -> 705 710 812 220 573
634 -> 945 802 937 941
635 -> 332 749 112 282 476
636 -> 897 164 359 487 361 808 305 347 667
637 -> 353 66 551 785 922
638 -> 203 911 47 946 83 756 23 888 603
639 -> 587 685 79 403 155
640 -> 294 527 979 284 863
641 -> 1 674 964 268 242 211 210 440 159
642 -> 592 897 289
643 -> 668
644 -> 448 800 160 673 357 154 123 221
645 -> 580 133 745 234 798 286
646 -> 519 555 495 667 350
647 -> 353 102 15 340 30
648 -> 419 68 422 50 948 887
649 -> 740 589 85 667 285
650 -> 196 839 366 462 372 792
651 -> 122 552 243 277 118 794
652 -> 363 939
653 -> 355 932 972 686 719 208 17 119
654 -> 964 319
655 -> 410 358 791
656 -> 452 814 722 917 31
657 -> 409 814
658 -> 266 139 492 916 280
659 -> 162 921 610 982
660 -> 704 547 970 107 110 184 858
661 -> 198 681 493 143 591 979 564 54 983 537
662 -> 362 272 671 592 787 276 765 255
663 -> 481 1 299 941 573
664 -> 616 698 285 413
665 -> 362 723
666 -> 554 789 806 402
667 -> 323 646 892 649 592 757 214 885 636
668 -> 354 643 707 871 990
669 -> 569 861
670 -> 785 583
671 -> 995 262 662 311 120 511
672 -> 992 115 407 697 923
673 -> 480 34 644 105 43 368 81 915 502 346
674 -> 400 641 334
675 -> 513 744 460 337 440 153 314
676 -> 864 165 773 975 497 311 26
677 -> 396 754 724 885 763 861 731 831
678 -> 778 287
679 -> 
680 -> 181
681 -> 802 47 341 661 861
682 -> 
683 -> 771 712 267 492 715 751 21 919 953 445 894
684 -> 121 691 28
685 -> 898 275 639 127
686 -> 426 618 653 121 479
687 -> 290 453 40 395 626 889 734
688 -> 36 725 310
689 -> 104 538 691 44
690 -> 377 964 542 367
691 -> 134 684 527 689 338 83 149 476
692 -> 362 774
693 -> 706 848 851 211 213 183 824
694 -> 580 869 328 850 787 467 87 349
695 -> 866 36 982
696 -> 169 353 827 608
697 -> 672 868 456 431 342 894
698 -> 868 844 664 222 286
699 -> 389 839 874 48 827 159
700 -> 611 850 755 218 187
